[gd_scene load_steps=17 format=3 uid="uid://cvi5ttk8mrmld"]

[ext_resource type="PackedScene" uid="uid://dtykay6lg8ao" path="res://src/Level/house_main.tscn" id="1_prg0t"]
[ext_resource type="Texture2D" uid="uid://febxpfbrlrie" path="res://src/assets/00-general-3d-assets/Flare00.PNG" id="2_4u5bb"]
[ext_resource type="PackedScene" uid="uid://0ssulj5t3857" path="res://src/assets/01-pickable-assets/daivoltz-0-a4.tscn" id="3_5mjk7"]
[ext_resource type="PackedScene" uid="uid://cd0bby50vvdro" path="res://src/ois-objects/general/ois_cassette_player.tscn" id="4_2jd2d"]
[ext_resource type="PackedScene" uid="uid://dswqagqi1ryk3" path="res://src/ois-objects/general/ois_cassette_tape.tscn" id="5_cmitw"]
[ext_resource type="PackedScene" uid="uid://dd4yyl50gxc6n" path="res://src/assets/kitchen-assets/dough.tscn" id="6_4u5bb"]

[sub_resource type="Curve" id="Curve_sjfh2"]
_data = [Vector2(0, 0.0021441), 0.0, 0.0, 0, 0, Vector2(0.5, 0.754717), 0.0, 0.0, 0, 0, Vector2(1, 0), 0.0, 0.0, 0, 0]
point_count = 3

[sub_resource type="CurveTexture" id="CurveTexture_7i26j"]
curve = SubResource("Curve_sjfh2")

[sub_resource type="Gradient" id="Gradient_kvgra"]
colors = PackedColorArray(0.703607, 0.543447, 0.489575, 1, 0.98539, 0.469295, 1.92523e-07, 1)

[sub_resource type="GradientTexture1D" id="GradientTexture1D_wc5yb"]
gradient = SubResource("Gradient_kvgra")

[sub_resource type="CurveTexture" id="CurveTexture_ssy8p"]
curve = SubResource("Curve_sjfh2")

[sub_resource type="ParticleProcessMaterial" id="ParticleProcessMaterial_j0kxd"]
lifetime_randomness = 1.0
emission_shape_scale = Vector3(1, 1, 2.5)
emission_shape = 1
emission_sphere_radius = 1.5
angle_min = 45.0
angle_max = 45.0
gravity = Vector3(0, -0.1, 0)
scale_max = 2.0
color_ramp = SubResource("GradientTexture1D_wc5yb")
alpha_curve = SubResource("CurveTexture_7i26j")
emission_curve = SubResource("CurveTexture_ssy8p")

[sub_resource type="StandardMaterial3D" id="StandardMaterial3D_lmnmg"]
transparency = 1
blend_mode = 1
cull_mode = 2
shading_mode = 0
vertex_color_use_as_albedo = true
albedo_texture = ExtResource("2_4u5bb")
uv1_scale = Vector3(1.015, 1.01, 13.465)

[sub_resource type="QuadMesh" id="QuadMesh_vysgm"]
material = SubResource("StandardMaterial3D_lmnmg")
size = Vector2(0.53, 2.69)

[sub_resource type="BoxShape3D" id="BoxShape3D_0w6e0"]
size = Vector3(2.80688, 1, 2.49567)

[sub_resource type="BoxShape3D" id="BoxShape3D_68xyb"]
size = Vector3(0.786072, 1, 0.78717)

[node name="Level" type="Node3D"]

[node name="House" parent="." instance=ExtResource("1_prg0t")]

[node name="EnvironmentLight" type="Node3D" parent="."]

[node name="SpotLight3D" type="SpotLight3D" parent="EnvironmentLight"]
transform = Transform3D(0.886696, -2.93845e-09, 0.462352, -0.462352, -3.33259e-08, 0.886696, 1.28028e-08, -1, -3.09086e-08, 18.271, 3.54941, -2.46197)
light_color = Color(1, 0.713726, 0.619608, 1)
light_energy = 11.535
spot_range = 19.816
spot_angle = 44.05

[node name="SpotLight3D3" type="SpotLight3D" parent="EnvironmentLight"]
transform = Transform3D(-4.37114e-08, 1, 1.3027e-15, -0.461749, -2.01837e-08, 0.887011, 0.887011, 3.87725e-08, 0.461749, 9.49846, 3.54941, 5.69752)
light_color = Color(1, 0.713726, 0.619608, 1)
light_energy = 5.237
spot_range = 19.816
spot_angle = 44.05

[node name="SpotLight3D4" type="SpotLight3D" parent="EnvironmentLight"]
transform = Transform3D(-4.37114e-08, 1, 1.3027e-15, -0.461749, -2.01837e-08, 0.887011, 0.887011, 3.87725e-08, 0.461749, -1.6062, 3.54941, 5.69752)
light_color = Color(1, 0.713726, 0.619608, 1)
light_energy = 5.237
spot_range = 19.816
spot_angle = 44.05

[node name="SpotLight3D2" type="SpotLight3D" parent="EnvironmentLight"]
transform = Transform3D(0.886696, -2.93845e-09, 0.462352, -0.462352, -3.33259e-08, 0.886696, 1.28028e-08, -1, -3.09086e-08, 18.271, 3.54941, -10.6836)
light_color = Color(1, 0.713726, 0.619608, 1)
light_energy = 11.535
spot_range = 19.816
spot_angle = 44.05

[node name="OmniLight3D7" type="OmniLight3D" parent="EnvironmentLight"]
transform = Transform3D(1, 0, 0, 0, 1, 0, 0, 0, 1, 21.1332, 3.61528, -32.3083)
light_color = Color(0.941208, 0.67727, 0.46273, 1)
light_energy = 5.898
omni_range = 14.3015

[node name="Lights" type="Node3D" parent="."]
visible = false

[node name="OmniLight3D" type="OmniLight3D" parent="Lights"]
transform = Transform3D(1, 0, 0, 0, 1, 0, 0, 0, 1, -3.35487, 2.89208, -16.1912)
light_color = Color(0.941208, 0.67727, 0.46273, 1)
light_energy = 0.813
omni_range = 6.55353

[node name="OmniLight3D6" type="OmniLight3D" parent="Lights"]
transform = Transform3D(1, 0, 0, 0, 1, 0, 0, 0, 1, -7.04612, 2.89208, -1.29979)
light_color = Color(0.941208, 0.67727, 0.46273, 1)
light_energy = 0.813
omni_range = 6.55353

[node name="OmniLight3D4" type="OmniLight3D" parent="Lights"]
transform = Transform3D(1, 0, 0, 0, 1, 0, 0, 0, 1, 15.982, 4.1063, -27.7266)
light_color = Color(0.941208, 0.67727, 0.46273, 1)
light_energy = 0.813
omni_range = 21.9061

[node name="OmniLight3D2" type="OmniLight3D" parent="Lights"]
transform = Transform3D(1, 0, 0, 0, 1, 0, 0, 0, 1, 1.52375, 8.76515, -0.650649)
light_color = Color(0.941208, 0.67727, 0.46273, 1)
light_energy = 0.813
omni_range = 6.55353

[node name="OmniLight3D5" type="OmniLight3D" parent="Lights"]
transform = Transform3D(1, 0, 0, 0, 1, 0, 0, 0, 1, 1.52375, 3.25586, -0.650649)
light_color = Color(0.941208, 0.67727, 0.46273, 1)
light_energy = 0.813
omni_range = 13.9708

[node name="OmniLight3D3" type="OmniLight3D" parent="Lights"]
transform = Transform3D(1, 0, 0, 0, 1, 0, 0, 0, 1, -12.6027, 2.94091, -4.92511)
light_color = Color(0.941208, 0.67727, 0.46273, 1)
light_energy = 0.813
omni_range = 6.55353

[node name="SFX" type="Node3D" parent="."]
transform = Transform3D(1, 0, 0, 0, 1, 0, 0, 0, 1, 4.53976, 0, 0)

[node name="WindowGodRay" type="GPUParticles3D" parent="SFX"]
transform = Transform3D(0.436425, 0.899741, 0, -0.899741, 0.436425, 0, 0, 0, 1, 11.2474, 2.81458, -11.4522)
amount = 100
lifetime = 5.0
preprocess = 1.0
randomness = 1.0
local_coords = true
process_material = SubResource("ParticleProcessMaterial_j0kxd")
draw_pass_1 = SubResource("QuadMesh_vysgm")

[node name="WindowGodRay2" type="GPUParticles3D" parent="SFX"]
transform = Transform3D(0.436425, 0.899741, 0, -0.899741, 0.436425, 0, 0, 0, 1, 11.2474, 2.53361, -2.20848)
amount = 100
lifetime = 5.0
preprocess = 1.0
randomness = 1.0
local_coords = true
process_material = SubResource("ParticleProcessMaterial_j0kxd")
draw_pass_1 = SubResource("QuadMesh_vysgm")

[node name="Collisions" type="Node3D" parent="."]

[node name="StaticBody3D" type="StaticBody3D" parent="Collisions"]
transform = Transform3D(1, 0, 0, 0, 1, 0, 0, 0, 1, 8.69144, 0.430897, -5.47856)

[node name="CollisionShape3D" type="CollisionShape3D" parent="Collisions/StaticBody3D"]
transform = Transform3D(1, 0, 0, 0, 1, 0, 0, 0, 1, 0.370728, 0, 0.20639)
shape = SubResource("BoxShape3D_0w6e0")

[node name="StaticBody3D2" type="StaticBody3D" parent="Collisions"]
transform = Transform3D(1, 0, 0, 0, 1, 0, 0, 0, 1, 6.13987, 0.697148, 0.576956)

[node name="CollisionShape3D" type="CollisionShape3D" parent="Collisions/StaticBody3D2"]
transform = Transform3D(1, 0, 0, 0, 1, 0, 0, 0, 1, 0.00332642, 0, -0.00869751)
shape = SubResource("BoxShape3D_68xyb")

[node name="LivingRoom" type="Node3D" parent="."]

[node name="daivoltz" parent="LivingRoom" instance=ExtResource("3_5mjk7")]
transform = Transform3D(0.121743, 0.992137, -0.0290224, -0.0196832, 0.0316471, 0.999305, 0.992366, -0.121088, 0.0233814, 8.14801, 1.04113, -5.24195)

[node name="OISCassettePlayer" parent="LivingRoom" instance=ExtResource("4_2jd2d")]
transform = Transform3D(0.943246, 0, 0.332095, 0, 1, 0, -0.332095, 0, 0.943246, 7.9559, 0.975727, -5.60396)

[node name="OISCassetteTape" parent="LivingRoom" instance=ExtResource("5_cmitw")]
transform = Transform3D(0.337013, 0, -0.9415, 0, 1, 0, 0.9415, 0, 0.337013, 7.96768, 1.12418, -4.8409)

[node name="Dough" parent="LivingRoom" instance=ExtResource("6_4u5bb")]
transform = Transform3D(1, 0, 0, 0, 1, 0, 0, 0, 1, 3.79413, 0.999457, -1.26719)

[editable path="House"]
[editable path="House/Offset Node/Main Mansion/House Architecture Nodes/Table Lamps/TableLamp4"]
[editable path="House/Offset Node/Main Mansion/House Architecture Nodes/Chandeliers/chandelier4"]
[editable path="House/Offset Node/Main Mansion/Study Room/Printing Press"]
[editable path="House/Offset Node/Main Mansion/Kitchen/Kitchen Island4"]
[editable path="House/Offset Node/Main Mansion/Kitchen/Kitchen Island5"]
[editable path="House/Offset Node/Main Mansion/Bedroom/TableLamp"]
[editable path="House/Offset Node/Main Mansion/Bedroom/TableLamp2"]
[editable path="House/Offset Node/Main Mansion/Bedroom/TableLamp3"]
